ਫਾਈਲ
ਪੀਡੀਐਫ ਫਾਈਲ ਦਾ ਨਾਮ
ਸ਼ੁਰੂਆਤੀ ਪੰਨੇ ਅੰਤ ਪੰਨਾ
ਖਾਲੀ ਪੰਨੇ
ਕੁੱਲ ਪੰਨੇ
15
2008 3 1 22
1
22
0
22
16
2008_6_109_130
109
130
0
22
17
2008_6_468_527
468
527
0
60
18
2008 6 566 621
566
621
0
56
19
2008 7 308_364
308
364
0
57
20
2008 9 165 238
165
238
0
74
21
2008 9 579 634
579
634
0
56
22
2008 9 975 1037
975
1037
0
63
23
2008_10_379_453
379
453
0
75
24
2008 11 440 498
440
498
0
59
25
2008_12_79_93
79
93
0
15
26
2008 12 248 304
248
304
0
57
27
2008_12_702_764
702
764
0
63
28
2008_13_126_200
126
200
0
75
29
2008_13_555_569
555
569
15
30
2008 14 889 956
889
956
0
68
31
2009_1_696_710
696
710
0
15
32
2009 3 1 84
1
84
0
84
33
2009_3_273_325
273
325
0
53
34
2009_4_866_924
866
924
0
59
35
2009_4_1062_1084
1062
1084
0
23
36
2009_6_829_854
829
854
0
26
37
2009_6_1055_1122
1055
1122
0
68
38
2009 7 668_758
668
758
0
91
39
2009_8_175_228
175
228
0
54
40
2009 8 334 397
334
397
0
64
41
2009 9 90 182
90
182
0
93
42
2009_9_225_312
225
312
0
88
43
2009 9 625 689
625
689
0
65
44
2009_10_634_703
634
703
0
70
45
2009 11 523 590
523
590
0
68
46
2009_12_54_142
54
142
0
89
47
2009_12_682_752
682
752
0
71
48
2009_12_762_860
762
860
0
99
49
2009_12_861_928
862
928
0
68
50
2009_12_1093_1185
1093
1185
0
93
51
2009_13_124_211
124
211
0
88
52
2009_13_710_773
710
773
0
64
53
2009_14_905_989
905
989
0
85
54
2009_15_1_57
1
57
0
57
55
2009_15_171_221
੧੭੧॥
221
0
51
56
2009_16_618_685
618
685
0
68
57
2010 1 325 379
325
379
0
55
58
2010_1_380_438
380
438
0
59
59
2010_1_678_767
678
767
0
90
60
2010 1 928_990
928
990
0
63
61
2010_2_979_1029
979
1029
0
51
62
2010_3_609_686
609
686
0
78
63
2010_4_981_1041
981
1041
0
61
64
2010_5_35_88
35
88
0
54
65
2010 5 164 231
164
231
0
68
66
2010_5_1081_1152
1081
1152
0
72
67
2010_6_335_418
335
418
0
84
68
2010_6_857_956
857
956
0
100
69
2010_7_1061_1118
1061
1118
0
58
70
2010_8_81_172
81
172
0
92
71
2010_8_1053_1103
1053
1103
0
51
72
2010_10_262_318
262
318
0
57
73
2010_10_503_523
503
523
0
21
74
2010_11_38_88
38
88
0
51
75
2010_11_112_204
112
204
0
93
76
2010_11_240_310
240
310
0
71
77
2010_11_1167_1220
1167
1220
0
54
78
2010_12_25_79
25
79
0
55
79
2010 13 8 75
8
75
0
68
80
2010_13_901_956
901
956
0
56
81
2010_14_348_402
348
402
0
55
82
2010 14 591 642
591
642
0
52
83
2010_15_201_274
201
274
0
74
84
2010_15_302_363
302
363
0
62
85
2010 15 396 451
396
451
0
56
86
2010 15 538 590
538
590
0
53
87
2010_15_705_761
705
761
0
57
88
2010_15_1012_1082
1012
1082
0
71
89
2011_2_69_120
69
120
0
52
90
2011_2_704_755
704
755
0
52
91
2011_2_762_830
762
830
0
69
92
2011_3_366_436
366
436
0
71
93
2011_3_632_697
632
697
0
66
94
2011_4_312_366
312
366
0
55
95
2011_4_889_943
889
943
0
55
96
2011 4 1000 1056
1000
1056
0
57
97
2011_5_77_141
77
141
0
65
98
2011_5_771_823
771
823
0
53
99
2011 6 138 209
138
209
0
72
100
2011_6_234_300
234
300
0
67
101
2011 7 66 153
66
153
0
88
102
2011_8_273_358
273
358
0
86
103
2011 8 359 444
359
444
0
86
104
2011_8_874_942
874
942
0
69
105
2011_8_1028_1087
1028
1087
0
60
106
2011_10_384_435
384
435
0
52
107
2011 10 877 948
877
948
0
72
108
2011 11 1 62
1
62
0
62
109
2011 11 63 94
63
94
0
32
110
2011 11 527 598
527
598
0
72
111
2011 11 907 964
907
964
0
58
112
2011_11_965_1027
965
1027
0
63
113
2011_11_1028_1093
1028
1093
0
66
114
2011_11_1094_1175
1094
1175
0
82
115
2011 13 814 865
814
865
0
52
116
2011_13_1000_1053
1000
1053
0
54
117
2011_13_1115_1166
1115
1166
0
52
118
2011_14_47_97
47
97
0
51
119
2011_14_98_153
98
153
0
56
120
2011_14_411_471
411
੪੭੧॥
0
59
121
2011_14_533_616
533
616
0
84
122
2011_14_657_711
657
711
0
55
123
2011_14_862_920
862
920
0
59
124
2011_14_1141_1203
੧੧੪੧॥
1203
0
63
125
2011_15_135_202
135
202
0
68
126
2011 15 211 281
211
281
0
71
127
2011_15_540_614
540
614
0
75
128
2011_15_736_792
736
792
0
57
129
2012 1 64 127
64
127
0
64
130
2012_1_867_873
867
873
0
7
131
2012_1_1066_1117
1066
1117
0
52
132
2012_2_1065_1126
1065
1126
0
62
133
2012 3 52 113
52
113
0
62
134
2012_3_295_387
295
387
0
93
135
2012_3_388_459
388
459
0
72
136
2012_3_630_685
630
685
0
56
137
2012_3_720_770
720
770
0
51
138
2012_3_775_825
775
825
0
51
139
2012_3_1084_1154
1084
1154
0
71
140
2012_4_118_173
118
173
0
56
141
2012_4_287_341
287
341
0
55
142
2012_4_608_660
608
660
0
53
143
2012 4 881_970
881
970
0
90
144
2012_5_67_117
67
117
0
51
145
2012_5_599_660
599
660
0
62
146
2012_5_768_833
768
833
0
66
147
2012_5_872_894
872
894
0
23
148
2012_5_895_918
895
918
0
24
149
2012 6 404 426
404
426
0
23
150
2012 6 723 786
723
786
0
64
151
2012_6_905_959
905
959
0
55
152
2012_7_33_60
33
60
0
28
153
2012 7 387 401
387
401
0
15
੧੫੪
2012 8 35 94
35
94
0
60
155
2012_8_157_162
157
162
0
6
156
2012_8_753_812
753
812
0
60
157
2012 9 733 791
733
791
0
59
158
2012_10_95_156
95
156
0
62
159
2012_10_416_479
416
479
0
64
160
2012_11_299_359
299
359
0
61
161
2012_11_507_584
507
584
0
78
162
2012_12_327_426
327
426
0
136
163
2012 12 463 513
463
513
0
51
164
2012_12_628_682
628
682
0
55
165
2012_12_881_946
881
946
0
66
166
2012_12_975_1032
975
1032
0
58
167
2012_12_1077_1170
1077
1170
0
94
168
2012_13_339_401
339
401
0
63
169
2012_13_555_610
555
610
0
56
170
2012 13 810 879
810
879
0
70
੧੭੧॥
2012_13_1093_1149
1093
1149
0
57
172
2013 1 1 71
1
71
0
71
173
2013 1 402_479
402
479
0
78
174
2013 2 153 214
153
214
0
62
175
2013_2_496_513
496
513
0
18
176
2013 3 662_719
662
719
0
58
177
2013 3_987_1081
987
1081
0
95
178
2013_4_478_533
478
533
0
56
179
2013_4_595_674
595
674
0
80
180
2013_5_18_110
18
110
0
93
181
2013 5 128 199
128
199
0
72
182
2013_5_871_923
871
923
0
53
183
2013_6_32_85
32
85
0
54
184
2013_6_623_675
623
675
0
53
185
2013 6 757 809
757
809
0
53
186
2013_6_810_880
810
880
0
71
187
2013_6_881_948
881
948
0
68
188
2013_6_1054_1123
1054
1123
0
70
189
2013_7_192_275
192
275
0
84
190
2013_8_631_815
631
815
0
185
191
2013_8_863_913
863
913
0
51
192
2013_9_1_51
1
51
0
51
193
2013 9 117 198
117
198
0
82
194
2013 9 962 999
962
999
0
38
195
2013 11 696 743
696
743
0
48
196
2013_11_784_845
784
845
0
62
197
2013_11_863_914
863
914
0
52
198
2013_12_674_734
674
734
0
61
199
2013_12_862_888
862
888
0
27
200
2013_13_1_95
1
95
0
95
201
2013_13_96_147
96
147
0
52
202
2013_13_464_539
464
539
0
76
203
2013 13 764 819
764
819
0
56
204
2013_13_820_872
820
872
0
53
205
2013_13_884_937
884
937
0
54
206
2013_14_297_360
297
360
0
64
207
2013_14_1019_1075
1019
1075
0
57
208
2013_16_616_705
616
705
0
90
209
2013_16_706_787
706
787
0
82
210
2013 16 831 894
831
894
0
64
211
2013_16_1107_1180
1107
1180
0
74
212
2013_16_1119_1180
1119
1180
0
62
213
2013_17_596_666
596
666
0
71
214
2013 17 667 758
667
677
0
11
ਕੰਪਨੀ ਦਾ ਨਾਂ
ਇੰਡੀਆਫੈਸ਼ਨ
ਇੰਡੀਆਫੈਸ਼ਨ
ਇੰਡੀਆਫੈਸ਼ਨ
ਇੰਡੀਆਫੈਸ਼ਨ
ਇੰਡੀਆਫੈਸ਼ਨ
ਇੰਡੀਆਫੈਸ਼ਨ
ਇੰਡੀਆਫੈਸ਼ਨ
ਇੰਡੀਆਫੈਸ਼ਨ
ਇੰਡੀਆਫੈਸ਼ਨ
ਇੰਡੀਆਫੈਸ਼ਨ
ਇੰਡੀਆਫੈਸ਼ਨ
ਇੰਡੀਆਫੈਸ਼ਨ
ਇੰਡੀਆਫੈਸ਼ਨ
ਇੰਡੀਆਫੈਸ਼ਨ
ਇੰਡੀਆਫੈਸ਼ਨ
ਇੰਡੀਆਫੈਸ਼ਨ
ਇੰਡੀਆਫੈਸ਼ਨ
ਇੰਡੀਆਫੈਸ਼ਨ
ਇੰਡੀਆਫੈਸ਼ਨ
ਇੰਡੀਆਫੈਸ਼ਨ
ਇੰਡੀਆਫੈਸ਼ਨ
ਇੰਡੀਆਫੈਸ਼ਨ
ਇੰਡੀਆਫੈਸ਼ਨ
ਇੰਡੀਆਫੈਸ਼ਨ
ਇੰਡੀਆਫੈਸ਼ਨ
ਇੰਡੀਆਫੈਸ਼ਨ
ਇੰਡੀਆਫੈਸ਼ਨ
ਇੰਡੀਆਫੈਸ਼ਨ
ਇੰਡੀਆਫੈਸ਼ਨ
ਇੰਡੀਆਫੈਸ਼ਨ
ਇੰਡੀਆਫੈਸ਼ਨ
ਇੰਡੀਆਫੈਸ਼ਨ
ਇੰਡੀਆਫੈਸ਼ਨ
ਇੰਡੀਆਫੈਸ਼ਨ
ਇੰਡੀਆਫੈਸ਼ਨ
ਇੰਡੀਆਫੈਸ਼ਨ
ਇੰਡੀਆਫੈਸ਼ਨ
ਇੰਡੀਆਫੈਸ਼ਨ
ਇੰਡੀਆਫੈਸ਼ਨ
ਇੰਡੀਆਫੈਸ਼ਨ
ਇੰਡੀਆਫੈਸ਼ਨ
ਇੰਡੀਆਫੈਸ਼ਨ
ਇੰਡੀਆਫੈਸ਼ਨ
ਇੰਡੀਆਫੈਸ਼ਨ
ਇੰਡੀਆਫੈਸ਼ਨ
ਇੰਡੀਆਫੈਸ਼ਨ
ਇੰਡੀਆਫੈਸ਼ਨ
ਇੰਡੀਆਫੈਸ਼ਨ
ਇੰਡੀਆਫੈਸ਼ਨ
ਇੰਡੀਆਫੈਸ਼ਨ
ਇੰਡੀਆਫੈਸ਼ਨ
ਇੰਡੀਆਫੈਸ਼ਨ
ਇੰਡੀਆਫੈਸ਼ਨ
ਇੰਡੀਆਫੈਸ਼ਨ
ਇੰਡੀਆਫੈਸ਼ਨ
ਇੰਡੀਆਫੈਸ਼ਨ
ਇੰਡੀਆਫੈਸ਼ਨ
ਇੰਡੀਆਫੈਸ਼ਨ
ਇੰਡੀਆਫੈਸ਼ਨ
ਇੰਡੀਆਫੈਸ਼ਨ
ਇੰਡੀਆਫੈਸ਼ਨ
ਇੰਡੀਆਫੈਸ਼ਨ
ਇੰਡੀਆਫੈਸ਼ਨ
ਇੰਡੀਆਫੈਸ਼ਨ
ਇੰਡੀਆਫੈਸ਼ਨ
ਇੰਡੀਆਫੈਸ਼ਨ
ਇੰਡੀਆਫੈਸ਼ਨ
ਇੰਡੀਆਫੈਸ਼ਨ
ਇੰਡੀਆਫੈਸ਼ਨ
ਇੰਡੀਆਫੈਸ਼ਨ
ਇੰਡੀਆਫੈਸ਼ਨ
ਇੰਡੀਆਫੈਸ਼ਨ
ਇੰਡੀਆਫੈਸ਼ਨ
ਇੰਡੀਆਫੈਸ਼ਨ
ਇੰਡੀਆਫੈਸ਼ਨ
ਇੰਡੀਆਫੈਸ਼ਨ
ਇੰਡੀਆਫੈਸ਼ਨ
ਇੰਡੀਆਫੈਸ਼ਨ
ਇੰਡੀਆਫੈਸ਼ਨ
ਇੰਡੀਆਫੈਸ਼ਨ
ਇੰਡੀਆਫੈਸ਼ਨ
ਇੰਡੀਆਫੈਸ਼ਨ
ਇੰਡੀਆਫੈਸ਼ਨ
ਇੰਡੀਆਫੈਸ਼ਨ
ਇੰਡੀਆਫੈਸ਼ਨ
ਇੰਡੀਆਫੈਸ਼ਨ
ਇੰਡੀਆਫੈਸ਼ਨ
ਇੰਡੀਆਫੈਸ਼ਨ
ਇੰਡੀਆਫੈਸ਼ਨ
ਇੰਡੀਆਫੈਸ਼ਨ
ਇੰਡੀਆਫੈਸ਼ਨ
ਇੰਡੀਆਫੈਸ਼ਨ
ਇੰਡੀਆਫੈਸ਼ਨ
ਇੰਡੀਆਫੈਸ਼ਨ
ਇੰਡੀਆਫੈਸ਼ਨ
ਇੰਡੀਆਫੈਸ਼ਨ
ਇੰਡੀਆਫੈਸ਼ਨ
ਇੰਡੀਆਫੈਸ਼ਨ
ਇੰਡੀਆਫੈਸ਼ਨ
ਇੰਡੀਆਫੈਸ਼ਨ
ਇੰਡੀਆਫੈਸ਼ਨ
ਇੰਡੀਆਫੈਸ਼ਨ
ਇੰਡੀਆਫੈਸ਼ਨ
ਇੰਡੀਆਫੈਸ਼ਨ
ਇੰਡੀਆਫੈਸ਼ਨ
ਇੰਡੀਆਫੈਸ਼ਨ
ਇੰਡੀਆਫੈਸ਼ਨ
ਇੰਡੀਆਫੈਸ਼ਨ
ਇੰਡੀਆਫੈਸ਼ਨ
ਇੰਡੀਆਫੈਸ਼ਨ
ਇੰਡੀਆਫੈਸ਼ਨ
ਇੰਡੀਆਫੈਸ਼ਨ
ਇੰਡੀਆਫੈਸ਼ਨ
ਇੰਡੀਆਫੈਸ਼ਨ
ਇੰਡੀਆਫੈਸ਼ਨ
ਇੰਡੀਆਫੈਸ਼ਨ
ਇੰਡੀਆਫੈਸ਼ਨ
ਇੰਡੀਆਫੈਸ਼ਨ
ਇੰਡੀਆਫੈਸ਼ਨ
ਇੰਡੀਆਫੈਸ਼ਨ
ਇੰਡੀਆਫੈਸ਼ਨ
ਇੰਡੀਆਫੈਸ਼ਨ
ਇੰਡੀਆਫੈਸ਼ਨ
ਇੰਡੀਆਫੈਸ਼ਨ
ਇੰਡੀਆਫੈਸ਼ਨ
ਇੰਡੀਆਫੈਸ਼ਨ
ਇੰਡੀਆਫੈਸ਼ਨ
ਇੰਡੀਆਫੈਸ਼ਨ
ਇੰਡੀਆਫੈਸ਼ਨ
ਇੰਡੀਆਫੈਸ਼ਨ
ਇੰਡੀਆਫੈਸ਼ਨ
ਇੰਡੀਆਫੈਸ਼ਨ
ਇੰਡੀਆਫੈਸ਼ਨ
ਇੰਡੀਆਫੈਸ਼ਨ
ਇੰਡੀਆਫੈਸ਼ਨ
ਇੰਡੀਆਫੈਸ਼ਨ
ਇੰਡੀਆਫੈਸ਼ਨ
ਇੰਡੀਆਫੈਸ਼ਨ
ਇੰਡੀਆਫੈਸ਼ਨ
ਇੰਡੀਆਫੈਸ਼ਨ
ਇੰਡੀਆਫੈਸ਼ਨ
ਇੰਡੀਆਫੈਸ਼ਨ
ਇੰਡੀਆਫੈਸ਼ਨ
ਇੰਡੀਆਫੈਸ਼ਨ
ਇੰਡੀਆਫੈਸ਼ਨ
ਇੰਡੀਆਫੈਸ਼ਨ
ਇੰਡੀਆਫੈਸ਼ਨ
ਇੰਡੀਆਫੈਸ਼ਨ
ਇੰਡੀਆਫੈਸ਼ਨ
ਇੰਡੀਆਫੈਸ਼ਨ
ਇੰਡੀਆਫੈਸ਼ਨ
ਇੰਡੀਆਫੈਸ਼ਨ
ਇੰਡੀਆਫੈਸ਼ਨ
ਇੰਡੀਆਫੈਸ਼ਨ
ਇੰਡੀਆਫੈਸ਼ਨ
ਇੰਡੀਆਫੈਸ਼ਨ
ਇੰਡੀਆਫੈਸ਼ਨ
ਇੰਡੀਆਫੈਸ਼ਨ
ਇੰਡੀਆਫੈਸ਼ਨ
ਇੰਡੀਆਫੈਸ਼ਨ
ਇੰਡੀਆਫੈਸ਼ਨ
ਇੰਡੀਆਫੈਸ਼ਨ
ਇੰਡੀਆਫੈਸ਼ਨ
ਇੰਡੀਆਫੈਸ਼ਨ
ਇੰਡੀਆਫੈਸ਼ਨ
ਇੰਡੀਆਫੈਸ਼ਨ
ਇੰਡੀਆਫੈਸ਼ਨ
ਇੰਡੀਆਫੈਸ਼ਨ
ਇੰਡੀਆਫੈਸ਼ਨ
ਇੰਡੀਆਫੈਸ਼ਨ
ਇੰਡੀਆਫੈਸ਼ਨ
ਇੰਡੀਆਫੈਸ਼ਨ
ਇੰਡੀਆਫੈਸ਼ਨ
ਇੰਡੀਆਫੈਸ਼ਨ
ਇੰਡੀਆਫੈਸ਼ਨ
ਇੰਡੀਆਫੈਸ਼ਨ
ਇੰਡੀਆਫੈਸ਼ਨ
ਇੰਡੀਆਫੈਸ਼ਨ
ਇੰਡੀਆਫੈਸ਼ਨ
ਇੰਡੀਆਫੈਸ਼ਨ
ਇੰਡੀਆਫੈਸ਼ਨ
ਇੰਡੀਆਫੈਸ਼ਨ
ਇੰਡੀਆਫੈਸ਼ਨ
ਇੰਡੀਆਫੈਸ਼ਨ
ਇੰਡੀਆਫੈਸ਼ਨ
ਇੰਡੀਆਫੈਸ਼ਨ
ਇੰਡੀਆਫੈਸ਼ਨ
ਇੰਡੀਆਫੈਸ਼ਨ
ਇੰਡੀਆਫੈਸ਼ਨ
ਇੰਡੀਆਫੈਸ਼ਨ
ਇੰਡੀਆਫੈਸ਼ਨ
ਇੰਡੀਆਫੈਸ਼ਨ
ਇੰਡੀਆਫੈਸ਼ਨ
ਇੰਡੀਆਫੈਸ਼ਨ
ਇੰਡੀਆਫੈਸ਼ਨ
ਇੰਡੀਆਫੈਸ਼ਨ
ਇੰਡੀਆਫੈਸ਼ਨ
ਇੰਡੀਆਫੈਸ਼ਨ
ਇੰਡੀਆਫੈਸ਼ਨ
ਇੰਡੀਆਫੈਸ਼ਨ

